Accuracy:0.7091775923718713
[[300 119]
 [125 295]]

Accuracy:0.6460071513706794
[[302 117]
 [180 240]]

Accuracy:0.600715137067938
[[313 106]
 [229 191]]

Accuracy:0.7056019070321812
[[290 129]
 [118 302]]

Accuracy:0.6281287246722288
[[308 111]
 [201 219]]

Accuracy:0.7401668653158522
[[286 134]
 [ 84 335]]

Accuracy:0.7365911799761621
[[298 122]
 [ 99 320]]

Accuracy:0.6471990464839095
[[318 102]
 [194 225]]

Accuracy:0.6531585220500596
[[317 103]
 [188 231]]

Accuracy:0.6483909415971395
[[299 121]
 [174 245]]

