Accuracy:0.7362637362637363
[[247  70]
 [ 98 222]]

Accuracy:0.7551020408163265
[[266  52]
 [104 215]]

Accuracy:0.7252747252747253
[[253  65]
 [110 209]]

Accuracy:0.7802197802197802
[[238  80]
 [ 60 259]]

Accuracy:0.7598116169544741
[[260  58]
 [ 95 224]]

Accuracy:0.7912087912087912
[[247  71]
 [ 62 257]]

Accuracy:0.7582417582417582
[[249  69]
 [ 85 234]]

Accuracy:0.7409733124018838
[[242  76]
 [ 89 230]]

Accuracy:0.7578616352201258
[[252  65]
 [ 89 230]]

Accuracy:0.7814465408805031
[[248  69]
 [ 70 249]]

